MEMORY
  total            13.3 MB
  struct          159.0 KB
  buffer          134.0 KB
  arena            13.0 MB, used 0.2%

SIZES
  narena                13631488
  nbuffer               137216
  nplugin               0
  maxuse_stack          1792
  maxuse_arena          29648
  maxuse_con            1
  maxuse_efc            9
  solver_nisland        1
  ncon                  0
  ne                    0
  nf                    6
  nl                    0
  nefc                  6
  nJ                    36
  nA                    0
  nisland               0
  threadpool            0

TIMER
    0:  duration =  0.16       number = 8
    1:  duration =  0.16       number = 8
    2:  duration =  0          number = 0
    3:  duration =  0.12       number = 8
    4:  duration =  0.01       number = 8
    5:  duration =  0.0026     number = 8
    6:  duration =  0.028      number = 8
    7:  duration =  0.001      number = 8
    8:  duration =  0.018      number = 8
    9:  duration =  0.0035     number = 8
    10:  duration =  0.082      number = 8
    11:  duration =  0.01       number = 8
    12:  duration =  0.0005     number = 8
    13:  duration =  0.014      number = 8
    14:  duration =  0.045      number = 8

SOLVER STAT
  solver_nisland = 1
  solver_fwdinv =   0         0       
  ISLAND 0
    solver_niter = 1
    solver_nnz = 36
      0:  improvement =  0.43        gradient =  6.9e-17     lineslope =  0       
          nactive = 6   nchange = 0   neval = 2   nupdate = 0

ENERGY =   0         0       

TIME =  15      

QPOS
  -0.089   
   0.021   
   0.12    
   0.063   
  -0.046   
   0.03    

QVEL
  -0.11    
   0.009   
  -0.19    
  -0.0038  
  -0.065   
  -0.015   

QACC_WARMSTART
   0.17    
   0.19    
   1.8     
  -1.6     
  -0.67    
  -1.5     

CTRL
  -0.1     
   0.0057  
   0.094   
   0.056   
  -0.055   
   0.024   

QFRC_APPLIED
   0       
   0       
   0       
   0       
   0       
   0       

XFRC_APPLIED
   0         0         0         0         0         0       
   0         0         0         0         0         0       
   0         0         0         0         0         0       
   0         0         0         0         0         0       
   0         0         0         0         0         0       
   0         0         0         0         0         0       
   0         0         0         0         0         0       
   0         0         0         0         0         0       

QACC
   0.17    
   0.19    
   1.8     
  -1.6     
  -0.67    
  -1.5     

XPOS
   0         0         0       
   0         0         0       
   0        -0.045     0.017   
  -0.0027   -0.076     0.12    
  -0.013    -0.19      0.089   
  -0.025    -0.32      0.075   
  -0.03     -0.38      0.063   
  -0.033    -0.41      0.078   

XQUAT
   1         0         0         0       
   1         0         0         0       
   0.71      0.71     -0.031    -0.031   
  -0.01      1        -0.045     0.00046 
   0.66      0.75     -0.034    -0.029   
   0.99      0.1      -0.0045   -0.044   
   0.72      0.1       0.68      0.038   
  -0.68     -0.027     0.72      0.094   

XMAT
   1         0         0         0         1         0         0         0         1       
   1         0         0         0         1         0         0         0         1       
   1         0        -0.089    -0.089    -4.2e-06  -1        -3.8e-07   1        -4.2e-06 
   1        -0.089     0.0019   -0.089    -1         0.021    -3.8e-07  -0.021    -1       
   1        -0.012    -0.088    -0.089    -0.14     -0.99     -3.8e-07   0.99     -0.14    
   1         0.087    -0.018    -0.089     0.98     -0.2      -3.8e-07   0.2       0.98    
   0.064     0.087     0.99      0.2       0.98     -0.098    -0.98      0.2       0.045   
  -0.061     0.089    -0.99     -0.17      0.98      0.098     0.98      0.17     -0.045   

XIPOS
   0         0         0       
   4.5e-06  -0.015     0.028   
  -0.0029   -0.076     0.076   
  -0.009    -0.15      0.11    
  -0.023    -0.26      0.079   
  -0.036    -0.35      0.068   
  -0.031    -0.41      0.052   
  -0.036    -0.44      0.071   

XIMAT
   1         0         0         0         1         0         0         0         1       
  -3e-05    -1        -0.00085  -0.67      0.00066  -0.75      0.75      0.00054  -0.67    
  -0.43     -0.9       0.032    -0.89      0.43      0.16     -0.16      0.041    -0.99    
   0.00061  -1         0.1       0.006     0.1       1        -1        -7.7e-06   0.006   
  -0.016    -0.99      0.11     -0.16     -0.11     -0.98      0.99     -0.034    -0.16    
  -0.017     0.064     1        -0.2      -0.98      0.06      0.98     -0.2       0.03    
   1         0.031    -0.071    -0.039    -0.59     -0.81     -0.067     0.81     -0.58    
  -0.068    -1        -0.056    -0.23      0.071    -0.97      0.97     -0.053    -0.24    

XANCHOR
   0        -0.045     0.017   
  -0.0027   -0.076     0.12    
  -0.013    -0.19      0.089   
  -0.025    -0.32      0.075   
  -0.03     -0.38      0.063   
  -0.033    -0.41      0.078   

XAXIS
   0        -4.2e-06   1       
   1        -0.089    -3.8e-07 
   1        -0.089    -3.8e-07 
   1        -0.089    -3.8e-07 
   0.087     0.98      0.2     
  -0.99      0.098    -0.045   

GEOM_XPOS
   0         0         0       
   4.5e-06  -0.015     0.028   
   2.1e-09  -0.034     0.046   
   4.5e-06  -0.015     0.028   
  -0.0026   -0.073     0.065   
  -0.0024   -0.076     0.11    
  -0.0026   -0.073     0.065   
  -0.008    -0.13      0.12    
  -0.012    -0.19      0.1     
  -0.008    -0.13      0.12    
  -0.022    -0.25      0.08    
  -0.023    -0.31      0.077   
  -0.022    -0.25      0.08    
  -0.034    -0.35      0.069   
  -0.041    -0.36      0.066   
  -0.034    -0.35      0.069   
  -0.031    -0.41      0.047   
  -0.032    -0.41      0.066   
  -0.034    -0.43      0.029   
  -0.031    -0.4       0.056   
  -0.038    -0.48      0.034   
  -0.037    -0.47      0.034   
  -0.036    -0.45      0.035   
  -0.034    -0.43      0.037   
  -0.036    -0.43      0.072   
  -0.039    -0.47      0.061   
  -0.037    -0.44      0.07    
  -0.034    -0.41      0.076   
  -0.039    -0.48      0.053   
  -0.039    -0.47      0.057   
  -0.038    -0.46      0.061   
  -0.036    -0.44      0.064   

GEOM_XMAT
   1         0         0         0         1         0         0         0         1       
  -3e-05    -1        -0.00085  -0.67      0.00066  -0.75      0.75      0.00054  -0.67    
   1         1.1e-22   1.5e-06   1.5e-06   0.025    -1        -3.8e-08   1         0.025   
  -3e-05    -1        -0.00085  -0.67      0.00066  -0.75      0.75      0.00054  -0.67    
   1        -0.031     0.036    -0.041    -0.93      0.35      0.023    -0.35     -0.93    
  -0.089    -1         0.025    -1         0.089    -0.0022   -4.2e-06  -0.025    -1       
   1        -0.031     0.036    -0.041    -0.93      0.35      0.023    -0.35     -0.93    
  -0.0028   -1         0.081     0.0048    0.081     1        -1         0.0031    0.0046  
  -0.089    -1        -0.023    -1         0.088     0.023    -0.021     0.025    -1       
  -0.0028   -1         0.081     0.0048    0.081     1        -1         0.0031    0.0046  
  -0.018    -1         0.046    -0.13     -0.043    -0.99      0.99     -0.024    -0.13    
  -0.012    -0.99     -0.11     -0.14      0.11     -0.98      0.99      0.0035   -0.14    
  -0.018    -1         0.046    -0.13     -0.043    -0.99      0.99     -0.024    -0.13    
  -0.018    -0.8      -0.6      -0.2       0.59     -0.78      0.98      0.11     -0.17    
  -0.018    -0.26      0.96     -0.2      -0.94     -0.26      0.98     -0.2      -0.036   
  -0.018    -0.8      -0.6      -0.2       0.59     -0.78      0.98      0.11     -0.17    
   1         0.048    -0.063    -0.028    -0.53     -0.85     -0.074     0.84     -0.53    
   0.087     1         0.039     0.98     -0.093     0.2       0.2       0.021    -0.98    
   0.042     0.99     -0.1      -0.035    -0.098    -0.99     -1         0.045     0.03    
   0.12      0.99      0.043     0.99     -0.13      0.12      0.12      0.028    -0.99    
   0.064     0.087     0.99      0.2       0.98     -0.098    -0.98      0.2       0.045   
   0.064     0.087     0.99      0.2       0.98     -0.098    -0.98      0.2       0.045   
   0.064     0.087     0.99      0.2       0.98     -0.098    -0.98      0.2       0.045   
   0.064     0.087     0.99      0.2       0.98     -0.098    -0.98      0.2       0.045   
  -0.068    -0.99     -0.083    -0.24      0.097    -0.97      0.97     -0.045    -0.25    
  -0.093    -0.99     -0.055    -0.57      0.099    -0.82      0.82     -0.045    -0.57    
  -0.066    -0.99     -0.085    -0.23      0.098    -0.97      0.97     -0.045    -0.23    
  -0.068     0.079    -0.99     -0.24      0.97      0.093     0.97      0.25     -0.046   
  -0.061     0.089    -0.99     -0.17      0.98      0.098     0.98      0.17     -0.045   
  -0.061     0.089    -0.99     -0.17      0.98      0.098     0.98      0.17     -0.045   
  -0.061     0.089    -0.99     -0.17      0.98      0.098     0.98      0.17     -0.045   
  -0.061     0.089    -0.99     -0.17      0.98      0.098     0.98      0.17     -0.045   

LIGHT_XPOS
   0         0         1.5     

LIGHT_XDIR
   0         0        -1       

SUBTREE_COM
  -0.0096   -0.13      0.056   
  -0.0096   -0.13      0.056   
  -0.018    -0.23      0.082   
  -0.022    -0.27      0.084   
  -0.029    -0.33      0.069   
  -0.034    -0.39      0.06    
  -0.032    -0.41      0.055   
  -0.036    -0.44      0.071   

CDOF
   0        -4.2e-06   1         0.083    -0.0096   -4.1e-08 
   1        -0.089    -3.8e-07   0.0056    0.062    -0.053   
   1        -0.089    -3.8e-07   0.0029    0.032     0.059   
   1        -0.089    -3.8e-07   0.0017    0.018     0.19    
   0.087     0.98      0.2      -0.057     0.0047    0.0021  
  -0.99      0.098    -0.045     0.01     -0.022    -0.28    

CINERT
   0         0         0         0         0         0         0         0         0         0       
   0.0081    0.00097   0.0077   -0.00061   0.00015   0.0017    0.0054    0.063    -0.016     0.56    
   0.00043   0.00011   0.00036  -4.2e-05  -1.5e-05  -0.00011   0.0008    0.0062    0.0023    0.12    
   0.00076   0.00062   0.00026  -7.9e-06  -5.9e-06   0.00016   9.9e-05  -0.0028    0.0094    0.16    
   0.0029    0.00016   0.0028   -0.00026   4.6e-05   0.00044  -0.002    -0.02      0.0034    0.15    
   0.0034    8e-05     0.0035   -0.0004    2e-05     0.00017  -0.0018   -0.015     0.00075   0.066   
   0.0072    8e-05     0.0072   -0.00057  -1.1e-05  -0.00013  -0.002    -0.026    -0.00043   0.093   
   0.0019    2.2e-05   0.002    -0.00017   7.6e-06   8.8e-05  -0.00054  -0.0062    0.00029   0.02    

ACTUATOR_LENGTH
  -0.089   
   0.021   
   0.12    
   0.063   
  -0.046   
   0.03    

actuator_moment
--------
 x      |
  x     |
   x    |
    x   |
     x  |
      x |
--------

ACTUATOR_MOMENT
     0:  1       
     1:  1       
     2:  1       
     3:  1       
     4:  1       
     5:  1       

CRB
   0         0         0         0         0         0         0         0         0         0       
   0.025     0.002     0.024    -0.002     0.00019   0.0023    8.7e-19   0         0         1.2     
   0.017     0.0011    0.016    -0.0014    4.2e-05   0.00062  -0.0054   -0.063     0.016     0.61    
   0.016     0.00096   0.016    -0.0014    5.6e-05   0.00073  -0.0062   -0.07      0.013     0.49    
   0.015     0.00034   0.016    -0.0014    6.2e-05   0.00057  -0.0063   -0.067     0.004     0.33    
   0.013     0.00018   0.013    -0.0011    1.7e-05   0.00013  -0.0043   -0.047     0.00061   0.18    
   0.0092    0.0001    0.0092   -0.00073  -2.9e-06  -4.1e-05  -0.0026   -0.032    -0.00014   0.11    
   0.0019    2.2e-05   0.002    -0.00017   7.6e-06   8.8e-05  -0.00054  -0.0062    0.00029   0.02    

QM
   0.13     -4.4e-05  -1.3e-05  -3e-06    -3.1e-05  -1.1e-05 
  -4.4e-05   0.13      0.014     0.0044    1.4e-05  -0.00023 
  -1.3e-05   0.014     0.11      0.0029    8.8e-06  -0.00016 
  -3e-06     0.0044    0.0029    0.1       3.3e-06  -7.9e-05 
  -3.1e-05   1.4e-05   8.8e-06   3.3e-06   0.1       1.1e-07 
  -1.1e-05  -0.00023  -0.00016  -7.9e-05   1.1e-07   0.1     

QLD
   0.13     -0.00034  -0.00012  -3e-05    -0.00031  -0.00011 
  -0.00034   0.12      0.13      0.043     0.00014  -0.0023  
  -0.00012   0.13      0.11      0.029     8.8e-05  -0.0016  
  -3e-05     0.043     0.029     0.1       3.3e-05  -0.00079 
  -0.00031   0.00014   8.8e-05   3.3e-05   0.1       1e-06   
  -0.00011  -0.0023   -0.0016   -0.00079   1e-06     0.1     

QLDIAGINV
   7.6     
   8.1     
   9.2     
   9.9     
   10      
   10      

B: body-dof matrix
--------
 xxxxxx |
 xxxxxx |
 xxxxxx |
 xxxxxx |
 xxxxxx |
 xxxxxx |
 xxxxxx |
 xxxxxx |
--------

B_rownnz              6 6 6 6 6 6 6 6

B_rowadr              0 6 12 18 24 30 36 42

B_colind              0 1 2 3 4 5 0 1 2 3 4 5 0 1 2 3 4 5 0 1 2 3 4 5 0 1 2 3 4 5 0 1 2 3 4 5 0 1 2 3 4 5 0 1 2 3 4 5

C: reduced dof-dof matrix
--------
 x      |
 xx     |
 xxx    |
 xxxx   |
 xxxxx  |
 xxxxxx |
--------

C_rownnz              1 2 3 4 5 6

C_rowadr              0 1 3 6 10 15

C_colind              0 0 1 0 1 2 0 1 2 3 0 1 2 3 4 0 1 2 3 4 5

mapM2C                0 2 1 5 4 3 9 8 7 6 14 13 12 11 10 20 19 18 17 16 15

D: dof-dof matrix
--------
 Dxxxxx |
 xDxxxx |
 xxDxxx |
 xxxDxx |
 xxxxDx |
 xxxxxD |
--------

D_rownnz              6 6 6 6 6 6

D_rowadr              0 6 12 18 24 30

D_colind              0 1 2 3 4 5 0 1 2 3 4 5 0 1 2 3 4 5 0 1 2 3 4 5 0 1 2 3 4 5 0 1 2 3 4 5

mapM2D                0 2 5 9 14 20 2 1 4 8 13 19 5 4 3 7 12 18 9 8 7 6 11 17 14 13 12 11 10 16 20 19 18 17 16 15

mapD2M                0 7 6 14 13 12 21 20 19 18 28 27 26 25 24 35 34 33 32 31 30

QDERIV
   0         0         0         0         0         0       
   0         0         0         0         0         0       
   0         0         0         0         0         0       
   0         0         0         0         0         0       
   0         0         0         0         0         0       
   0         0         0         0         0         0       

QLU
   0         0         0         0         0         0       
   0         0         0         0         0         0       
   0         0         0         0         0         0       
   0         0         0         0         0         0       
   0         0         0         0         0         0       
   0         0         0         0         0         0       

CONTACT
EFC_TYPE
  1
  1
  1
  1
  1
  1

EFC_ID
  0
  1
  2
  3
  4
  5

EFC_J
   1         0         0         0         0         0       
   0         1         0         0         0         0       
   0         0         1         0         0         0       
   0         0         0         1         0         0       
   0         0         0         0         1         0       
   0         0         0         0         0         1       

EFC_POS
   0       
   0       
   0       
   0       
   0       
   0       

EFC_MARGIN
   0       
   0       
   0       
   0       
   0       
   0       

EFC_FRICTIONLOSS
   0.1     
   0.1     
   0.1     
   0.1     
   0.1     
   0.1     

EFC_DIAGAPPROX
   7.6     
   8.1     
   9.3     
   9.9     
   10      
   10      

EFC_KBIP
   0         1.1e+02   0.9       0       
   0         1.1e+02   0.9       0       
   0         1.1e+02   0.9       0       
   0         1.1e+02   0.9       0       
   0         1.1e+02   0.9       0       
   0         1.1e+02   0.9       0       

EFC_D
   1.2     
   1.1     
   0.96    
   0.91    
   0.9     
   0.9     

EFC_R
   0.85    
   0.9     
   1       
   1.1     
   1.1     
   1.1     

ACTUATOR_VELOCITY
  -0.11    
   0.0086  
  -0.19    
  -0.00069 
  -0.064   
  -0.012   

CVEL
   0         0         0         0         0         0       
   0         0         0         0         0         0       
   0         4.8e-07  -0.11     -0.0095    0.0011    4.6e-09 
   0.0086   -0.00076  -0.11     -0.0094    0.0016   -0.00046 
  -0.18      0.016    -0.11     -0.01     -0.0045   -0.012   
  -0.18      0.016    -0.11     -0.01     -0.0045   -0.012   
  -0.19     -0.046    -0.13     -0.0063   -0.0048   -0.012   
  -0.18     -0.047    -0.13     -0.0064   -0.0046   -0.0085  

CDOF_DOT
   0         0        -0         0         0        -0       
  -0.01     -0.11     -4.8e-07   0.0071   -0.00063  -0.00025 
  -0.01     -0.11     -4.8e-07   0.0036   -0.0013   -0.00051 
  -0.01     -0.11     -4.8e-07   0.0042    0.023     0.002   
   0.11      0.027    -0.18      0.011     0.0079   -0.0092  
   0.014     0.12     -0.064     0.011    -0.042    -0.00077 

QFRC_BIAS
  -8.7e-05 
  -0.94    
  -0.47    
  -0.12    
  -0.0004  
   0.0059  

QFRC_SPRING
   0       
   0       
   0       
   0       
   0       
   0       

QFRC_DAMPER
   0       
   0       
   0       
   0       
   0       
   0       

QFRC_GRAVCOMP
   0       
   0       
   0       
   0       
   0       
   0       

QFRC_FLUID
   0       
   0       
   0       
   0       
   0       
   0       

QFRC_PASSIVE
   0       
   0       
   0       
   0       
   0       
   0       

EFC_VEL
  -0.11    
   0.0086  
  -0.19    
  -0.00069 
  -0.064   
  -0.012   

EFC_AREF
   12      
  -0.9     
   20      
   0.073   
   6.7     
   1.3     

SUBTREE_LINVEL
   0         0         0       
   0         0         0       
   0         0         0       
   0         0         0       
   0         0         0       
   0         0         0       
   0         0         0       
   0         0         0       

SUBTREE_ANGMOM
   0         0         0       
   0         0         0       
   0         0         0       
   0         0         0       
   0         0         0       
   0         0         0       
   0         0         0       
   0         0         0       

ACTUATOR_FORCE
  -0.077   
  -0.8     
  -0.38    
  -0.38    
  -0.17    
  -0.24    

QFRC_ACTUATOR
  -0.077   
  -0.8     
  -0.38    
  -0.38    
  -0.17    
  -0.24    

QFRC_SMOOTH
  -0.077   
   0.14    
   0.092   
  -0.25    
  -0.17    
  -0.25    

QACC_SMOOTH
  -0.59    
   1.1     
   0.76    
  -2.6     
  -1.7     
  -2.5     

EFC_B
  -13      
   2       
  -19      
  -2.6     
  -8.4     
  -3.8     

EFC_FORCE
   0.1     
  -0.1     
   0.1     
   0.1     
   0.1     
   0.1     

EFC_STATE
  2
  3
  2
  2
  2
  2

QFRC_CONSTRAINT
   0.1     
  -0.1     
   0.1     
   0.1     
   0.1     
   0.1     

QFRC_INVERSE
   0       
   0       
   0       
   0       
   0       
   0       

CACC
   0         0         0         0         0         0       
   0         0         0         0         0         0       
   0         0         0         0         0         0       
   0         0         0         0         0         0       
   0         0         0         0         0         0       
   0         0         0         0         0         0       
   0         0         0         0         0         0       
   0         0         0         0         0         0       

CFRC_INT
   0         0         0         0         0         0       
   0         0         0         0         0         0       
   0         0         0         0         0         0       
   0         0         0         0         0         0       
   0         0         0         0         0         0       
   0         0         0         0         0         0       
   0         0         0         0         0         0       
   0         0         0         0         0         0       

CFRC_EXT
   0         0         0         0         0         0       
   0         0         0         0         0         0       
   0         0         0         0         0         0       
   0         0         0         0         0         0       
   0         0         0         0         0         0       
   0         0         0         0         0         0       
   0         0         0         0         0         0       
   0         0         0         0         0         0       

